   ------------------------------------------------------------------
  | Welcome to ROOT 6.24/04                        https://root.cern |
  | (c) 1995-2021, The ROOT Team; conception: R. Brun, F. Rademakers |
  | Built for linuxx8664gcc on Aug 25 2021, 12:59:28                 |
  | From tags/v6-24-04@v6-24-04                                      |
  | With c++ (GCC) 4.8.5 20150623 (Red Hat 4.8.5-44)                 |
  | Try '.help', '.demo', '.license', '.credits', '.quit'/'.q'       |
   ------------------------------------------------------------------


Processing ./TMVAMulticlass.C("BDTG")...

==> Start TMVAMulticlass
==>  signal->GetEntries()=205629
==>  background1->GetEntries()=636544
==>  background2->GetEntries()=876556
******************************************************************************
*Chain   :signal    : /home/ovtin/development/Dmeson/analysisD0/MVA/infiles/signal_all_KemcAllowedOn_kNoiseReject3_kXTKey1_KcExp0_ATC_S1.0_A6.0_Z0.0.root *
******************************************************************************
******************************************************************************
*Tree    :et        : Event tree                                             *
*Entries :   205629 : Total =       507423346 bytes  File  Size =   74105547 *
*        :          : Tree compression factor =   6.85                       *
******************************************************************************
*Br    0 :Dmeson    : vrtntrk/I:vrtnip:vrtnbeam:nhitsdc:nhitst1:nhitst2:     *
*         | nhitsvd:nhitsvdt1:nhitsvdt2:nhitsxyt1:nhitszt1:nhitsxyt2:        *
*         | nhitszt2:nvect1:nvecxyt1:nveczt1:nvect2:nvecxyt2:nveczt2:ncomb:  *
*         | ncls1:ncls2:ncls:nlkr:ncsi:munhits:mulayerhits1:mulayerhits2:    *
*         | mulayerhits3:Run:numn:numo:natccrosst1:atcCNTt1[20]:natccrosst2: *
*         | atcCNTt2[20]:aerogel_REGIONt1[20]:aerogel_REGION0t1[20]:         *
*         | aerogel_REGION5t1[20]:aerogel_REGION20t1[20]:                    *
*         | single_aerogel_REGIONt1[20]:single_aerogel_REGION0t1[20]:        *
*         | single_aerogel_REGION5t1[20]:single_aerogel_REGION20t1[20]:      *
*         | aerogel_REGIONt2[20]:aerogel_REGION0t2[20]:aerogel_REGION5t2[20]:*
*         | aerogel_REGION20t2[20]:single_aerogel_REGIONt2[20]:              *
*         | single_aerogel_REGION0t2[20]:single_aerogel_REGION5t2[20]:       *
*         | single_aerogel_REGION20t2[20]:wlshitt1[20]:nearwlst1[20]:        *
*         | wlshitt2[20]:nearwlst2[20]:kft1:kft2:mbc/F:de:dp:prec1:prec2:    *
*         | fchi2:Ebeam:rEv:p1:p2:pt1:pt2:chi2t1:chi2t2:theta2t:phi2t:       *
*         | thetat1:thetat2:phit1:phit2:e1:e2:d1:d2:rr1:rr2:zip1:zip2:ecls1: *
*         | ecls2:tcls1:tcls2:pcls1:pcls2:emcenergy:lkrenergy:csienergy:enn: *
*         | eno:tofc1:timet1:betat1:lengtht1:tofc2:timet2:betat2:lengtht2:   *
*         | atcNpet1[20]:atcTotalNpet1:atcNpet2[20]:atcTotalNpet2:tlent1[20]:*
*         | tlent2[20]:dedxt1:dedxt2:probpit1:probpit2:resdpit1:resdpit2:    *
*         | probKt1:probKt2:resdKt1:resdKt2                                  *
*Entries :   205629 : Total  Size=  507422521 bytes  File Size  =   73977009 *
*Baskets :    17186 : Basket Size=      32000 bytes  Compression=   6.85     *
*............................................................................*
******************************************************************************
*Chain   :background1 : /home/ovtin/development/Dmeson/analysisD0/MVA/infiles/uds.root *
******************************************************************************
******************************************************************************
*Tree    :et        : Event tree                                             *
*Entries :   636544 : Total =      1570738507 bytes  File  Size =  188298821 *
*        :          : Tree compression factor =   8.35                       *
******************************************************************************
*Br    0 :Dmeson    : vrtntrk/I:vrtnip:vrtnbeam:nhitsdc:nhitst1:nhitst2:     *
*         | nhitsvd:nhitsvdt1:nhitsvdt2:nhitsxyt1:nhitszt1:nhitsxyt2:        *
*         | nhitszt2:nvect1:nvecxyt1:nveczt1:nvect2:nvecxyt2:nveczt2:ncomb:  *
*         | ncls1:ncls2:ncls:nlkr:ncsi:munhits:mulayerhits1:mulayerhits2:    *
*         | mulayerhits3:Run:numn:numo:natccrosst1:atcCNTt1[20]:natccrosst2: *
*         | atcCNTt2[20]:aerogel_REGIONt1[20]:aerogel_REGION0t1[20]:         *
*         | aerogel_REGION5t1[20]:aerogel_REGION20t1[20]:                    *
*         | single_aerogel_REGIONt1[20]:single_aerogel_REGION0t1[20]:        *
*         | single_aerogel_REGION5t1[20]:single_aerogel_REGION20t1[20]:      *
*         | aerogel_REGIONt2[20]:aerogel_REGION0t2[20]:aerogel_REGION5t2[20]:*
*         | aerogel_REGION20t2[20]:single_aerogel_REGIONt2[20]:              *
*         | single_aerogel_REGION0t2[20]:single_aerogel_REGION5t2[20]:       *
*         | single_aerogel_REGION20t2[20]:wlshitt1[20]:nearwlst1[20]:        *
*         | wlshitt2[20]:nearwlst2[20]:kft1:kft2:mbc/F:de:dp:prec1:prec2:    *
*         | fchi2:Ebeam:rEv:p1:p2:pt1:pt2:chi2t1:chi2t2:theta2t:phi2t:       *
*         | thetat1:thetat2:phit1:phit2:e1:e2:d1:d2:rr1:rr2:zip1:zip2:ecls1: *
*         | ecls2:tcls1:tcls2:pcls1:pcls2:emcenergy:lkrenergy:csienergy:enn: *
*         | eno:tofc1:timet1:betat1:lengtht1:tofc2:timet2:betat2:lengtht2:   *
*         | atcNpet1[20]:atcTotalNpet1:atcNpet2[20]:atcTotalNpet2:tlent1[20]:*
*         | tlent2[20]:dedxt1:dedxt2:probpit1:probpit2:resdpit1:resdpit2:    *
*         | probKt1:probKt2:resdKt1:resdKt2                                  *
*Entries :   636544 : Total  Size= 1570737682 bytes  File Size  =  187920797 *
*Baskets :    53057 : Basket Size=      32000 bytes  Compression=   8.35     *
*............................................................................*
******************************************************************************
*Chain   :background2 : /home/ovtin/development/Dmeson/analysisD0/MVA/infiles/dbck.root *
******************************************************************************
******************************************************************************
*Tree    :et        : Event tree                                             *
*Entries :   876556 : Total =      2162988391 bytes  File  Size =  254185299 *
*        :          : Tree compression factor =   8.52                       *
******************************************************************************
*Br    0 :Dmeson    : vrtntrk/I:vrtnip:vrtnbeam:nhitsdc:nhitst1:nhitst2:     *
*         | nhitsvd:nhitsvdt1:nhitsvdt2:nhitsxyt1:nhitszt1:nhitsxyt2:        *
*         | nhitszt2:nvect1:nvecxyt1:nveczt1:nvect2:nvecxyt2:nveczt2:ncomb:  *
*         | ncls1:ncls2:ncls:nlkr:ncsi:munhits:mulayerhits1:mulayerhits2:    *
*         | mulayerhits3:Run:numn:numo:natccrosst1:atcCNTt1[20]:natccrosst2: *
*         | atcCNTt2[20]:aerogel_REGIONt1[20]:aerogel_REGION0t1[20]:         *
*         | aerogel_REGION5t1[20]:aerogel_REGION20t1[20]:                    *
*         | single_aerogel_REGIONt1[20]:single_aerogel_REGION0t1[20]:        *
*         | single_aerogel_REGION5t1[20]:single_aerogel_REGION20t1[20]:      *
*         | aerogel_REGIONt2[20]:aerogel_REGION0t2[20]:aerogel_REGION5t2[20]:*
*         | aerogel_REGION20t2[20]:single_aerogel_REGIONt2[20]:              *
*         | single_aerogel_REGION0t2[20]:single_aerogel_REGION5t2[20]:       *
*         | single_aerogel_REGION20t2[20]:wlshitt1[20]:nearwlst1[20]:        *
*         | wlshitt2[20]:nearwlst2[20]:kft1:kft2:mbc/F:de:dp:prec1:prec2:    *
*         | fchi2:Ebeam:rEv:p1:p2:pt1:pt2:chi2t1:chi2t2:theta2t:phi2t:       *
*         | thetat1:thetat2:phit1:phit2:e1:e2:d1:d2:rr1:rr2:zip1:zip2:ecls1: *
*         | ecls2:tcls1:tcls2:pcls1:pcls2:emcenergy:lkrenergy:csienergy:enn: *
*         | eno:tofc1:timet1:betat1:lengtht1:tofc2:timet2:betat2:lengtht2:   *
*         | atcNpet1[20]:atcTotalNpet1:atcNpet2[20]:atcTotalNpet2:tlent1[20]:*
*         | tlent2[20]:dedxt1:dedxt2:probpit1:probpit2:resdpit1:resdpit2:    *
*         | probKt1:probKt2:resdKt1:resdKt2                                  *
*Entries :876556 : Total  Size= 2162987566 bytes  File Size  = 253666996 *
*Baskets :    73061 : Basket Size=      32000 bytes  Compression=   8.52     *
*............................................................................*
DataSetInfo              : [dataset] : Added class "Signal"
                         : Add Tree signal of type Signal with 205629 events
DataSetInfo              : [dataset] : Added class "bg1"
                         : Add Tree background1  of type bg1 with 636544 events
DataSetInfo              : [dataset] : Added class "bg2"
                         : Add Tree background2  of type bg2 with 876556 events
                         : Dataset[dataset] : Class index : 0  name : Signal
                         : Dataset[dataset] : Class index : 1  name : bg1
                         : Dataset[dataset] : Class index : 2  name : bg2
Factory                  : Booking method: [1mBDTG[0m
                         : 
                         : the option NegWeightTreatment=InverseBoostNegWeights does not exist for BoostType=Grad
                         : --> change to new default NegWeightTreatment=Pray
                         : Building event vectors for type 2 Signal
                         : Dataset[dataset] :  create input formulas for tree et
                         : Dataset[dataset] :  create input formulas for tree et
                         : Building event vectors for type 2 bg1
                         : Dataset[dataset] :  create input formulas for tree et
                         : Dataset[dataset] :  create input formulas for tree et
                         : Building event vectors for type 2 bg2
                         : Dataset[dataset] :  create input formulas for tree et
                         : Dataset[dataset] :  create input formulas for tree et
DataSetFactory           : [dataset] : Number of events in input trees
                         : Dataset[dataset] :     Signal requirement: "Dmeson.vrtntrk>=3 && Dmeson.de>=-300. && Dmeson.de<=300. && Dmeson.mbc>=1700. && Dmeson.mbc<=1900. && Dmeson.pt1>100. && Dmeson.pt1<2000. && Dmeson.pt2>100. && Dmeson.pt2<2000. && Dmeson.chi2t1<1000. && Dmeson.chi2t2<1000. && Dmeson.nhitst1>23. && Dmeson.nhitst2>23. && Dmeson.nhitst1<=1000. && Dmeson.nhitst2<=1000. && Dmeson.rr1<0.1 && Dmeson.rr2<0.1 && Dmeson.zip1>-12. && Dmeson.zip1<12. && Dmeson.zip2>-12. && Dmeson.zip2<12. && Dmeson.ecls1<1000. && Dmeson.ecls2<1000. && (Dmeson.mulayerhits2+Dmeson.mulayerhits3)<=1"
                         : Dataset[dataset] :     Signal      -- number of events passed: 15806  / sum of weights: 15806
                         : Dataset[dataset] :     Signal      -- efficiency             : 0.0768666
                         : Dataset[dataset] :     bg1    requirement: "Dmeson.vrtntrk>=3 && Dmeson.de>=-300. && Dmeson.de<=300. && Dmeson.mbc>=1700. && Dmeson.mbc<=1900. && Dmeson.pt1>100. && Dmeson.pt1<2000. && Dmeson.pt2>100. && Dmeson.pt2<2000. && Dmeson.chi2t1<1000. && Dmeson.chi2t2<1000. && Dmeson.nhitst1>23. && Dmeson.nhitst2>23. && Dmeson.nhitst1<=1000. && Dmeson.nhitst2<=1000. && Dmeson.rr1<0.1 && Dmeson.rr2<0.1 && Dmeson.zip1>-12. && Dmeson.zip1<12. && Dmeson.zip2>-12. && Dmeson.zip2<12. && Dmeson.ecls1<1000. && Dmeson.ecls2<1000. && (Dmeson.mulayerhits2+Dmeson.mulayerhits3)<=1"
                         : Dataset[dataset] :     bg1         -- number of events passed: 16046  / sum of weights: 16046
                         : Dataset[dataset] :     bg1         -- efficiency             : 0.025208
                         : Dataset[dataset] :     bg2    requirement: "Dmeson.vrtntrk>=3 && Dmeson.de>=-300. && Dmeson.de<=300. && Dmeson.mbc>=1700. && Dmeson.mbc<=1900. && Dmeson.pt1>100. && Dmeson.pt1<2000. && Dmeson.pt2>100. && Dmeson.pt2<2000. && Dmeson.chi2t1<1000. && Dmeson.chi2t2<1000. && Dmeson.nhitst1>23. && Dmeson.nhitst2>23. && Dmeson.nhitst1<=1000. && Dmeson.nhitst2<=1000. && Dmeson.rr1<0.1 && Dmeson.rr2<0.1 && Dmeson.zip1>-12. && Dmeson.zip1<12. && Dmeson.zip2>-12. && Dmeson.zip2<12. && Dmeson.ecls1<1000. && Dmeson.ecls2<1000. && (Dmeson.mulayerhits2+Dmeson.mulayerhits3)<=1"
                         : Dataset[dataset] :     bg2         -- number of events passed: 14444  / sum of weights: 14444
                         : Dataset[dataset] :     bg2         -- efficiency             : 0.0164781
                         : Dataset[dataset] :  you have opted for interpreting the requested number of training/testing events
                         :  to be the number of events AFTER your preselection cuts
                         : 
                         : Dataset[dataset] :  you have opted for interpreting the requested number of training/testing events
                         :  to be the number of events AFTER your preselection cuts
                         : 
                         : Dataset[dataset] :  you have opted for interpreting the requested number of training/testing events
                         :  to be the number of events AFTER your preselection cuts
                         : 
                         : Number of training and testing events
                         : ---------------------------------------------------------------------------
                         : Signal -- training events            : 7903
                         : Signal -- testing events             : 7903
                         : Signal -- training and testing events: 15806
                         : Dataset[dataset] : Signal -- due to the preselection a scaling factor has been applied to the numbers of requested events: 0.0768666
                         : bg1    -- training events            : 8023
                         : bg1    -- testing events             : 8023
                         : bg1    -- training and testing events: 16046
                         : Dataset[dataset] : bg1    -- due to the preselection a scaling factor has been applied to the numbers of requested events: 0.025208
                         : bg2    -- training events            : 7222
                         : bg2    -- testing events             : 7222
                         : bg2    -- training and testing events: 14444
                         : Dataset[dataset] : bg2    -- due to the preselection a scaling factor has been applied to the numbers of requested events: 0.0164781
                         : 
DataSetInfo              : Correlation matrix (Signal):
                         : ----------------------------------------------------------------------------------------------------------------------------------------------------------------------------------------------------------------------------------------------------------------------------------------------------------------
                         :                    p1      p2     pt1     pt2 vrtntrk  vrtnip nhitsvd nhitst1 nhitst2 nhitsxyt1 nhitsxyt2 nhitszt1 nhitszt2    ncls    nlkr    ncsi emcenergy lkrenergy csienergy munhits mulayerhits1 mulayerhits2 mulayerhits3 thetat1 thetat2   phit1   phit2  chi2t1  chi2t2     rr1     rr2    zip1    zip2
                         :           p1:  +1.000  -0.659  +0.697  -0.478  -0.018  -0.010  -0.028  +0.017  -0.048    +0.010    -0.037   +0.020   -0.045  -0.002  -0.009  +0.008    -0.046    -0.028    +0.006  -0.031       -0.031       -0.005       +0.014  -0.001  -0.003  +0.006  -0.019  +0.025  -0.028  -0.016  +0.024  -0.013  +0.012
                         :           p2:  -0.659  +1.000  -0.482  +0.673  +0.012  +0.005  +0.018  -0.039  +0.030    -0.023    +0.023   -0.044   +0.028  -0.001  -0.006  +0.004    +0.028    +0.014    +0.001  +0.008       +0.007       +0.009       +0.011  -0.001  -0.001  +0.012  +0.012  -0.009  +0.004  +0.034  -0.017  +0.008  +0.020
                         :          pt1:  +0.697  -0.482  +1.000  +0.066  +0.001  -0.004  -0.106  +0.298  +0.168    +0.241    +0.138   +0.269   +0.146  -0.032  +0.028  -0.067    +0.045    +0.037    -0.019  +0.018       +0.018       -0.005       +0.018  +0.012  -0.011  -0.005  -0.005  +0.067  +0.011  -0.031  -0.007  -0.007  +0.008
                         :          pt2:  -0.478  +0.673  +0.066  +1.000  +0.021  -0.003  -0.079  +0.183  +0.325    +0.156    +0.260   +0.156   +0.292  -0.023  +0.039  -0.070    +0.100    +0.070    -0.024  +0.054       +0.053       +0.008       +0.014  +0.002  -0.002  +0.002  +0.010  +0.031  +0.051  +0.007  -0.037  +0.005  +0.010
                         :      vrtntrk:  -0.018  +0.012  +0.001  +0.021  +1.000  +0.355  +0.160  +0.008  +0.012    +0.013    +0.020   -0.001   -0.001  -0.023  +0.146  -0.192    +0.075    +0.180    -0.200  +0.020       +0.018       +0.052       -0.009  +0.011  -0.005  +0.008  +0.010  +0.017  +0.000  +0.004  -0.001  +0.021  +0.019
                         :       vrtnip:  -0.010  +0.005  -0.004  -0.003  +0.355  +1.000  +0.429  +0.083  +0.036    +0.057    +0.019   +0.085   +0.045  +0.032  +0.018  +0.015    +0.039    +0.021    -0.001  +0.020       +0.019       +0.032       +0.004  +0.012  -0.005  +0.005  +0.010  +0.001  -0.025  +0.001  -0.009  +0.014  +0.008
                         :      nhitsvd:  -0.028  +0.018  -0.106  -0.079  +0.160  +0.429  +1.000  +0.032  +0.001    +0.032    +0.004   +0.021   -0.002  -0.009  -0.099  +0.102    -0.025    -0.069    +0.079  -0.001       -0.001       +0.002       -0.001  +0.006  -0.007  +0.024  +0.017  +0.028  +0.018  -0.007  -0.005  +0.012  +0.009
                         :      nhitst1:  +0.017  -0.039  +0.298  +0.183  +0.008  +0.083  +0.032  +1.000  +0.193    +0.870    +0.149   +0.830   +0.179  -0.038  -0.002  -0.042    +0.099    +0.058    -0.009  +0.013       +0.014       -0.013       -0.019  -0.022  +0.023  -0.073  +0.074  +0.170  -0.018  -0.004  +0.006  +0.013  +0.016
                         :      nhitst2:  -0.048  +0.030  +0.168  +0.325  +0.012  +0.036  +0.001  +0.193  +1.000    +0.164    +0.865   +0.164   +0.825  -0.022  +0.027  -0.054    +0.104    +0.060    -0.009  +0.028       +0.028       +0.009       -0.008  +0.017  -0.025  +0.073  -0.103  -0.024  +0.133  +0.016  -0.022  +0.006  +0.012
                         :    nhitsxyt1:  +0.010  -0.023  +0.241  +0.156  +0.013  +0.057  +0.032  +0.870  +0.164    +1.000    +0.137   +0.446   +0.141  -0.032  +0.004  -0.041    +0.081    +0.054    -0.016  +0.009       +0.009       -0.008       -0.026  -0.013  +0.016  -0.147  +0.050  +0.185  -0.029  -0.008  +0.002  +0.010  +0.024
                         :    nhitsxyt2:  -0.037  +0.023  +0.138  +0.260  +0.020  +0.019  +0.004  +0.149  +0.865    +0.137    +1.000   +0.115   +0.430  -0.025  +0.022  -0.053    +0.090    +0.061    -0.020  +0.028       +0.028       +0.010       -0.008  +0.007  -0.014  +0.052  -0.153  -0.039  +0.163  +0.022  -0.032  +0.006  +0.007
                         :     nhitszt1:  +0.020  -0.044  +0.269  +0.156  -0.001  +0.085  +0.021  +0.830  +0.164    +0.446    +0.115   +1.000   +0.166  -0.034  -0.008  -0.030    +0.089    +0.045    +0.002  +0.014       +0.014       -0.014       -0.004  -0.025  +0.024  +0.034  +0.078  +0.099  -0.000  +0.001  +0.009  +0.012  +0.001
                         :     nhitszt2:  -0.045  +0.028  +0.146  +0.292  -0.001  +0.045  -0.002  +0.179  +0.825    +0.141    +0.430   +0.166   +1.000  -0.012  +0.024  -0.039    +0.086    +0.040    +0.007  +0.019       +0.019       +0.006       -0.005  +0.023  -0.030  +0.072  -0.012  +0.001  +0.055  +0.004  -0.003  +0.004  +0.013
                         :         ncls:  -0.002  -0.001  -0.032  -0.023  -0.023  +0.032  -0.009  -0.038  -0.022    -0.032    -0.025   -0.034   -0.012  +1.000  +0.607  +0.455    +0.003    -0.205    +0.293  -0.029       -0.029       +0.001       -0.007  -0.002  +0.001  -0.012  +0.001  +0.000  -0.005  -0.032  +0.011  +0.004  +0.002
                         :         nlkr:  -0.009  -0.006  +0.028  +0.039  +0.146  +0.018  -0.099  -0.002  +0.027    +0.004    +0.022   -0.008   +0.024  +0.607  +1.000  -0.425    +0.351    +0.509    -0.462  -0.005       -0.004       +0.009       -0.015  +0.005  -0.007  -0.015  +0.003  -0.001  +0.015  -0.009  +0.008  +0.009  +0.008
                         :         ncsi:  +0.008  +0.004  -0.067  -0.070  -0.192  +0.015  +0.102  -0.042  -0.054    -0.041    -0.053   -0.030   -0.039  +0.455  -0.425  +1.000    -0.393    -0.810    +0.856  -0.029       -0.029       -0.008       +0.001  -0.006  +0.007  +0.002  -0.003  +0.003  -0.022  -0.026  +0.005  -0.007  -0.007
                         :    emcenergy:  -0.046  +0.028  +0.045  +0.100  +0.075  +0.039  -0.025  +0.099  +0.104    +0.081    +0.090   +0.089   +0.086  +0.003  +0.351  -0.393    +1.000    +0.742    -0.310  -0.002       -0.002       +0.005       -0.003  -0.017  +0.015  -0.012  +0.002  +0.040  +0.041  +0.025  +0.010  +0.016  +0.016
                         :    lkrenergy:  -0.028  +0.014  +0.037  +0.070  +0.180  +0.021  -0.069  +0.058  +0.060    +0.054    +0.061   +0.045   +0.040  -0.205  +0.509  -0.810    +0.742    +1.000    -0.867  +0.015       +0.015       +0.008       -0.003  -0.002  -0.001  -0.007  +0.004  +0.016  +0.033  +0.026  +0.005  +0.015  +0.014
                         :    csienergy:  +0.006  +0.001  -0.019  -0.024  -0.200  -0.001  +0.079  -0.009  -0.009    -0.016    -0.020   +0.002   +0.007  +0.293  -0.462  +0.856    -0.310    -0.867    +1.000  -0.023       -0.023       -0.007       +0.003  -0.009  +0.013  +0.001  -0.004  +0.007  -0.016  -0.019  -0.000  -0.009  -0.008
                         :      munhits:  -0.031  +0.008  +0.018  +0.054  +0.020  +0.020  -0.001  +0.013  +0.028    +0.009    +0.028   +0.014   +0.019  -0.029  -0.005  -0.029    -0.002    +0.015    -0.023  +1.000       +0.999       +0.024       +0.024  -0.011  +0.016  -0.002  -0.004  -0.013  -0.015  +0.009  -0.014  +0.004  +0.013
                         : mulayerhits1:  -0.031  +0.007  +0.018  +0.053  +0.018  +0.019  -0.001  +0.014  +0.028    +0.009    +0.028   +0.014   +0.019  -0.029  -0.004  -0.029    -0.002    +0.015    -0.023  +0.999       +1.000       -0.002       -0.002  -0.011  +0.016  -0.002  -0.004  -0.013  -0.015  +0.009  -0.014  +0.004  +0.013
                         : mulayerhits2:  -0.005  +0.009  -0.005  +0.008  +0.052  +0.032  +0.002  -0.013  +0.009    -0.008    +0.010   -0.014   +0.006  +0.001  +0.009  -0.008    +0.005    +0.008    -0.007  +0.024       -0.002       +1.000       -0.000  +0.012  -0.009  -0.012  +0.005  -0.004  -0.002  +0.006  +0.018  +0.006  +0.005
                         : mulayerhits3:  +0.014  +0.011  +0.018  +0.014  -0.009  +0.004  -0.001  -0.019  -0.008    -0.026    -0.008   -0.004   -0.005  -0.007  -0.015  +0.001    -0.003    -0.003    +0.003  +0.024       -0.002       -0.000       +1.000  -0.003  +0.005  +0.009  -0.013  -0.006  -0.002  +0.014  -0.007  -0.002  +0.006
                         :      thetat1:  -0.001  -0.001  +0.012  +0.002  +0.011  +0.012  +0.006  -0.022  +0.017    -0.013    +0.007   -0.025   +0.023  -0.002  +0.005  -0.006    -0.017    -0.002    -0.009  -0.011       -0.011       +0.012       -0.003  +1.000  -0.938  -0.007  +0.014  -0.008  -0.001  -0.026  +0.006  +0.024  -0.017
                         :      thetat2:  -0.003  -0.001  -0.011  -0.002  -0.005  -0.005  -0.007  +0.023  -0.025    +0.016    -0.014   +0.024   -0.030  +0.001  -0.007  +0.007    +0.015    -0.001    +0.013  +0.016       +0.016       -0.009       +0.005  -0.938  +1.000  -0.001  -0.007  +0.006  -0.007  +0.023  -0.009  +0.008  +0.037
                         :        phit1:  +0.006  +0.012  -0.005  +0.002  +0.008  +0.005  +0.024  -0.073  +0.073    -0.147    +0.052   +0.034   +0.072  -0.012  -0.015  +0.002    -0.012    -0.007    +0.001  -0.002       -0.002       -0.012       +0.009  -0.007  -0.001  +1.000  -0.500  -0.045  +0.049  +0.024  -0.033  +0.002  -0.013
                         :        phit2:  -0.019  +0.012  -0.005  +0.010  +0.010  +0.010  +0.017  +0.074  -0.103    +0.050    -0.153   +0.078   -0.012  +0.001  +0.003  -0.003    +0.002    +0.004    -0.004  -0.004       -0.004       +0.005       -0.013  +0.014  -0.007  -0.500  +1.000  +0.011  -0.075  -0.039  +0.060  -0.004  -0.002
                         :       chi2t1:  +0.025  -0.009  +0.067  +0.031  +0.017  +0.001  +0.028  +0.170  -0.024    +0.185    -0.039   +0.099   +0.001  +0.000  -0.001  +0.003    +0.040    +0.016    +0.007  -0.013       -0.013       -0.004       -0.006  -0.008  +0.006  -0.045  +0.011  +1.000  +0.088  +0.124  -0.002  +0.004  -0.006
                         :       chi2t2:  -0.028  +0.004  +0.011  +0.051  +0.000  -0.025  +0.018  -0.018  +0.133    -0.029    +0.163   -0.000   +0.055  -0.005  +0.015  -0.022    +0.041    +0.033    -0.016  -0.015       -0.015       -0.002       -0.002  -0.001  -0.007  +0.049  -0.075  +0.088  +1.000  +0.011  +0.135  +0.011  +0.006
                         :          rr1:  -0.016  +0.034  -0.031  +0.007  +0.004  +0.001  -0.007  -0.004  +0.016    -0.008    +0.022   +0.001   +0.004  -0.032  -0.009  -0.026    +0.025    +0.026    -0.019  +0.009       +0.009       +0.006       +0.014  -0.026  +0.023  +0.024  -0.039  +0.124  +0.011  +1.000  +0.002  -0.013  -0.005
                         :          rr2:  +0.024  -0.017  -0.007  -0.037  -0.001  -0.009  -0.005  +0.006  -0.022    +0.002    -0.032   +0.009   -0.003  +0.011  +0.008  +0.005    +0.010    +0.005    -0.000  -0.014       -0.014       +0.018       -0.007  +0.006  -0.009  -0.033  +0.060  -0.002  +0.135  +0.002  +1.000  +0.008  +0.009
                         :         zip1:  -0.013  +0.008  -0.007  +0.005  +0.021  +0.014  +0.012  +0.013  +0.006    +0.010    +0.006   +0.012   +0.004  +0.004  +0.009  -0.007    +0.016    +0.015    -0.009  +0.004       +0.004       +0.006       -0.002  +0.024  +0.008  +0.002  -0.004  +0.004  +0.011  -0.013  +0.008  +1.000  +0.770
                         :         zip2:  +0.012  +0.020  +0.008  +0.010  +0.019  +0.008  +0.009  +0.016  +0.012    +0.024    +0.007   +0.001   +0.013  +0.002  +0.008  -0.007    +0.016    +0.014    -0.008  +0.013       +0.013       +0.005       +0.006  -0.017  +0.037  -0.013  -0.002  -0.006  +0.006  -0.005  +0.009  +0.770  +1.000
                         : ----------------------------------------------------------------------------------------------------------------------------------------------------------------------------------------------------------------------------------------------------------------------------------------------------------------
<WARNING>                : Dataset[Default] : <GetCorrelationMatrix> Zero variances for variables (0, 22) = 0
<WARNING>                : Dataset[Default] : <GetCorrelationMatrix> Zero variances for variables (1, 22) = 0
<WARNING>                : Dataset[Default] : <GetCorrelationMatrix> Zero variances for variables (2, 22) = 0
<WARNING>                : Dataset[Default] : <GetCorrelationMatrix> Zero variances for variables (3, 22) = 0
<WARNING>                : Dataset[Default] : <GetCorrelationMatrix> Zero variances for variables (4, 22) = 0
<WARNING>                : Dataset[Default] : <GetCorrelationMatrix> Zero variances for variables (5, 22) = 0
<WARNING>                : Dataset[Default] : <GetCorrelationMatrix> Zero variances for variables (6, 22) = 0
<WARNING>                : Dataset[Default] : <GetCorrelationMatrix> Zero variances for variables (7, 22) = 0
<WARNING>                : Dataset[Default] : <GetCorrelationMatrix> Zero variances for variables (8, 22) = 0
<WARNING>                : Dataset[Default] : <GetCorrelationMatrix> Zero variances for variables (9, 22) = 0
<WARNING>                : Dataset[Default] : <GetCorrelationMatrix> Zero variances for variables (10, 22) = 0
<WARNING>                : Dataset[Default] : <GetCorrelationMatrix> Zero variances for variables (11, 22) = 0
<WARNING>                : Dataset[Default] : <GetCorrelationMatrix> Zero variances for variables (12, 22) = 0
<WARNING>                : Dataset[Default] : <GetCorrelationMatrix> Zero variances for variables (13, 22) = 0
<WARNING>                : Dataset[Default] : <GetCorrelationMatrix> Zero variances for variables (14, 22) = 0
<WARNING>                : Dataset[Default] : <GetCorrelationMatrix> Zero variances for variables (15, 22) = 0
<WARNING>                : Dataset[Default] : <GetCorrelationMatrix> Zero variances for variables (16, 22) = 0
<WARNING>                : Dataset[Default] : <GetCorrelationMatrix> Zero variances for variables (17, 22) = 0
<WARNING>                : Dataset[Default] : <GetCorrelationMatrix> Zero variances for variables (18, 22) = 0
<WARNING>                : Dataset[Default] : <GetCorrelationMatrix> Zero variances for variables (19, 22) = 0
<WARNING>                : Dataset[Default] : <GetCorrelationMatrix> Zero variances for variables (20, 22) = 0
<WARNING>                : Dataset[Default] : <GetCorrelationMatrix> Zero variances for variables (21, 22) = 0
<WARNING>                : Dataset[Default] : <GetCorrelationMatrix> Zero variances for variables (22, 0) = 0
<WARNING>                : Dataset[Default] : <GetCorrelationMatrix> Zero variances for variables (22, 1) = 0
<WARNING>                : Dataset[Default] : <GetCorrelationMatrix> Zero variances for variables (22, 2) = 0
<WARNING>                : Dataset[Default] : <GetCorrelationMatrix> Zero variances for variables (22, 3) = 0
<WARNING>                : Dataset[Default] : <GetCorrelationMatrix> Zero variances for variables (22, 4) = 0
<WARNING>                : Dataset[Default] : <GetCorrelationMatrix> Zero variances for variables (22, 5) = 0
<WARNING>                : Dataset[Default] : <GetCorrelationMatrix> Zero variances for variables (22, 6) = 0
<WARNING>                : Dataset[Default] : <GetCorrelationMatrix> Zero variances for variables (22, 7) = 0
<WARNING>                : Dataset[Default] : <GetCorrelationMatrix> Zero variances for variables (22, 8) = 0
<WARNING>                : Dataset[Default] : <GetCorrelationMatrix> Zero variances for variables (22, 9) = 0
<WARNING>                : Dataset[Default] : <GetCorrelationMatrix> Zero variances for variables (22, 10) = 0
<WARNING>                : Dataset[Default] : <GetCorrelationMatrix> Zero variances for variables (22, 11) = 0
<WARNING>                : Dataset[Default] : <GetCorrelationMatrix> Zero variances for variables (22, 12) = 0
<WARNING>                : Dataset[Default] : <GetCorrelationMatrix> Zero variances for variables (22, 13) = 0
<WARNING>                : Dataset[Default] : <GetCorrelationMatrix> Zero variances for variables (22, 14) = 0
<WARNING>                : Dataset[Default] : <GetCorrelationMatrix> Zero variances for variables (22, 15) = 0
<WARNING>                : Dataset[Default] : <GetCorrelationMatrix> Zero variances for variables (22, 16) = 0
<WARNING>                : Dataset[Default] : <GetCorrelationMatrix> Zero variances for variables (22, 17) = 0
<WARNING>                : Dataset[Default] : <GetCorrelationMatrix> Zero variances for variables (22, 18) = 0
<WARNING>                : Dataset[Default] : <GetCorrelationMatrix> Zero variances for variables (22, 19) = 0
<WARNING>                : Dataset[Default] : <GetCorrelationMatrix> Zero variances for variables (22, 20) = 0
<WARNING>                : Dataset[Default] : <GetCorrelationMatrix> Zero variances for variables (22, 21) = 0
<WARNING>                : Dataset[Default] : <GetCorrelationMatrix> Zero variances for variables (22, 23) = 0
<WARNING>                : Dataset[Default] : <GetCorrelationMatrix> Zero variances for variables (22, 24) = 0
<WARNING>                : Dataset[Default] : <GetCorrelationMatrix> Zero variances for variables (22, 25) = 0
<WARNING>                : Dataset[Default] : <GetCorrelationMatrix> Zero variances for variables (22, 26) = 0
<WARNING>                : Dataset[Default] : <GetCorrelationMatrix> Zero variances for variables (22, 27) = 0
<WARNING>                : Dataset[Default] : <GetCorrelationMatrix> Zero variances for variables (22, 28) = 0
<WARNING>                : Dataset[Default] : <GetCorrelationMatrix> Zero variances for variables (22, 29) = 0
<WARNING>                : Dataset[Default] : <GetCorrelationMatrix> Zero variances for variables (22, 30) = 0
<WARNING>                : Dataset[Default] : <GetCorrelationMatrix> Zero variances for variables (22, 31) = 0
<WARNING>                : Dataset[Default] : <GetCorrelationMatrix> Zero variances for variables (22, 32) = 0
<WARNING>                : Dataset[Default] : <GetCorrelationMatrix> Zero variances for variables (23, 22) = 0
<WARNING>                : Dataset[Default] : <GetCorrelationMatrix> Zero variances for variables (24, 22) = 0
<WARNING>                : Dataset[Default] : <GetCorrelationMatrix> Zero variances for variables (25, 22) = 0
<WARNING>                : Dataset[Default] : <GetCorrelationMatrix> Zero variances for variables (26, 22) = 0
<WARNING>                : Dataset[Default] : <GetCorrelationMatrix> Zero variances for variables (27, 22) = 0
<WARNING>                : Dataset[Default] : <GetCorrelationMatrix> Zero variances for variables (28, 22) = 0
<WARNING>                : Dataset[Default] : <GetCorrelationMatrix> Zero variances for variables (29, 22) = 0
<WARNING>                : Dataset[Default] : <GetCorrelationMatrix> Zero variances for variables (30, 22) = 0
<WARNING>                : Dataset[Default] : <GetCorrelationMatrix> Zero variances for variables (31, 22) = 0
<WARNING>                : Dataset[Default] : <GetCorrelationMatrix> Zero variances for variables (32, 22) = 0
DataSetInfo              : Correlation matrix (bg1):
                         : ----------------------------------------------------------------------------------------------------------------------------------------------------------------------------------------------------------------------------------------------------------------------------------------------------------------
                         :                    p1      p2     pt1     pt2 vrtntrk  vrtnip nhitsvd nhitst1 nhitst2 nhitsxyt1 nhitsxyt2 nhitszt1 nhitszt2    ncls    nlkr    ncsi emcenergy lkrenergy csienergy munhits mulayerhits1 mulayerhits2 mulayerhits3 thetat1 thetat2   phit1   phit2  chi2t1  chi2t2     rr1     rr2    zip1    zip2
                         :           p1:  +1.000  -0.631  +0.852  -0.521  -0.066  -0.042  -0.058  +0.042  -0.009    +0.024    +0.010   +0.049   -0.026  -0.066  -0.052  -0.033    -0.053    -0.037    -0.027  +0.012       +0.010       +0.026       +0.000  -0.037  +0.032  +0.002  -0.001  -0.026  +0.010  -0.076  +0.034  -0.015  -0.013
                         :           p2:  -0.631  +1.000  -0.538  +0.838  -0.047  -0.062  -0.028  -0.024  +0.032    -0.006    +0.011   -0.037   +0.046  -0.060  -0.053  -0.019    -0.062    -0.046    -0.026  +0.025       +0.025       +0.000       +0.000  +0.034  -0.030  -0.007  -0.005  +0.024  +0.006  +0.059  -0.060  -0.000  +0.004
                         :          pt1:  +0.852  -0.538  +1.000  -0.344  -0.034  -0.019  -0.091  +0.284  +0.085    +0.230    +0.090   +0.260   +0.056  -0.087  -0.016  -0.138    -0.000    +0.057    -0.120  +0.043       +0.041       +0.025       +0.000  +0.002  +0.007  -0.001  -0.008  +0.013  +0.028  -0.082  +0.013  -0.010  -0.013
                         :          pt2:  -0.521  +0.838  -0.344  +1.000  -0.028  -0.050  -0.073  +0.076  +0.294    +0.081    +0.235   +0.050   +0.275  -0.084  -0.016  -0.126    +0.003    +0.055    -0.109  +0.062       +0.062       +0.009       +0.000  +0.029  -0.021  -0.006  -0.007  +0.039  +0.053  +0.032  -0.077  +0.000  -0.008
                         :      vrtntrk:  -0.066  -0.047  -0.034  -0.028  +1.000  +0.684  +0.547  +0.007  -0.024    +0.030    -0.006   -0.020   -0.037  +0.087  +0.114  -0.044    -0.164    -0.098    -0.116  -0.030       -0.029       -0.012       +0.000  +0.001  +0.003  -0.021  +0.017  +0.028  +0.029  +0.002  +0.010  -0.002  +0.001
                         :       vrtnip:  -0.042  -0.062  -0.019  -0.050  +0.684  +1.000  +0.401  +0.004  -0.008    +0.019    +0.007   -0.012   -0.022  +0.077  +0.097  -0.027    -0.122    -0.073    -0.086  -0.014       -0.013       -0.017       +0.000  -0.014  +0.013  -0.000  +0.003  -0.008  -0.001  -0.011  +0.005  -0.000  +0.007
                         :      nhitsvd:  -0.058  -0.028  -0.091  -0.073  +0.547  +0.401  +1.000  -0.044  -0.060    -0.024    -0.033   -0.052   -0.072  +0.059  +0.012  +0.083    -0.150    -0.148    +0.017  -0.024       -0.023       -0.015       +0.000  +0.005  -0.004  +0.019  +0.037  -0.003  +0.022  +0.010  +0.024  +0.013  +0.011
                         :      nhitst1:  +0.042  -0.024  +0.284  +0.076  +0.007  +0.004  -0.044  +1.000  +0.130    +0.871    +0.098   +0.851   +0.129  -0.063  +0.008  -0.141    +0.054    +0.102    -0.107  +0.028       +0.027       +0.019       +0.000  +0.018  -0.026  -0.110  +0.088  +0.175  +0.017  -0.015  +0.016  +0.001  +0.005
                         :      nhitst2:  -0.009  +0.032  +0.085  +0.294  -0.024  -0.008  -0.060  +0.130  +1.000    +0.108    +0.874   +0.116   +0.852  -0.084  -0.006  -0.149    +0.063    +0.111    -0.109  +0.030       +0.030       +0.012       +0.000  +0.017  -0.016  +0.091  -0.138  +0.001  +0.193  -0.013  -0.037  +0.006  -0.012
                         :    nhitsxyt1:  +0.024  -0.006  +0.230  +0.081  +0.030  +0.019  -0.024  +0.871  +0.108    +1.000    +0.074   +0.482   +0.115  -0.058  +0.006  -0.127    +0.045    +0.087    -0.094  +0.013       +0.012       +0.019       +0.000  +0.013  -0.021  -0.165  +0.088  +0.203  +0.029  -0.006  +0.025  +0.002  -0.003
                         :    nhitsxyt2:  +0.010  +0.011  +0.090  +0.235  -0.006  +0.007  -0.033  +0.098  +0.874    +0.074    +1.000   +0.095   +0.491  -0.061  +0.002  -0.120    +0.046    +0.087    -0.091  +0.020       +0.019       +0.018       +0.000  +0.010  -0.004  +0.090  -0.157  +0.014  +0.233  -0.011  -0.042  +0.009  -0.008
                         :     nhitszt1:  +0.049  -0.037  +0.260  +0.050  -0.020  -0.012  -0.052  +0.851  +0.116    +0.482    +0.095   +1.000   +0.106  -0.050  +0.008  -0.115    +0.048    +0.088    -0.090  +0.036       +0.035       +0.013       +0.000  +0.018  -0.024  -0.020  +0.063  +0.094  -0.001  -0.021  +0.002  -0.001  +0.011
                         :     nhitszt2:  -0.026  +0.046  +0.056  +0.275  -0.037  -0.022  -0.072  +0.129  +0.852    +0.115    +0.491   +0.106   +1.000  -0.085  -0.012  -0.138    +0.063    +0.105    -0.097  +0.033       +0.033       +0.001       +0.000  +0.019  -0.026  +0.066  -0.079  -0.013  +0.094  -0.011  -0.021  +0.002  -0.013
                         :         ncls:  -0.066  -0.060  -0.087  -0.084  +0.087  +0.077  +0.059  -0.063  -0.084    -0.058    -0.061   -0.050   -0.085  +1.000  +0.841  +0.406    +0.343    +0.217    +0.216  -0.030       -0.028       -0.027       +0.000  +0.001  -0.003  -0.005  +0.014  -0.016  +0.003  +0.006  +0.008  +0.008  +0.013
                         :         nlkr:  -0.052  -0.053  -0.016  -0.016  +0.114  +0.097  +0.012  +0.008  -0.006    +0.006    +0.002   +0.008   -0.012  +0.841  +1.000  -0.139    +0.362    +0.433    -0.199  -0.016       -0.015       -0.020       +0.000  -0.002  +0.002  -0.010  +0.010  -0.000  +0.023  +0.000  +0.011  +0.001  +0.010
                         :         ncsi:  -0.033  -0.019  -0.138  -0.126  -0.044  -0.027  +0.083  -0.141  -0.149    -0.127    -0.120   -0.115   -0.138  +0.406  -0.139  +1.000    +0.015    -0.343    +0.750  -0.024       -0.023       -0.014       +0.000  +0.003  -0.011  +0.010  +0.008  -0.032  -0.030  +0.008  -0.007  +0.014  +0.008
